%YAML:1.0
---
Weights:
   - !!opencv-matrix
      rows: 2
      cols: 3
      dt: f
      data: [ -7.37695813e-01, 2.89505720e-02, 2.56216049e-01,
          -7.47505367e-01, 3.08666229e-02, 2.69696951e-01 ]
   - !!opencv-matrix
      rows: 3
      cols: 5
      dt: f
      data: [ 9.12572980e-01, -9.51941013e-01, 3.84049773e-01,
          -7.32718110e-01, -4.91064668e-01, 2.37000585e-01,
          -8.18004608e-01, 6.13310218e-01, -4.82181430e-01,
          -3.56936932e-01, 2.99015164e-01, 6.14113212e-01,
          -7.70050287e-01, -9.67497349e-01, 4.91586924e-02 ]
